,ingressRetxAfterBurst,ingressMax,ingressHeightP95,ecnVol,ecnAfterBurst,avgConnections,Position,Length,FirstRetxPosition,maxConnections,maxConnAfterBurst,ingressVol,ingressRetxVol,ingressAfterBurst,ecnP99,ecnP90,LastRetxPosition,sessionIngressVol,sessionIngressRetxVol,sessionECNVol,sessionAvgConnections,Ingress P99.900000,Ingress P99.000000,Ingress P90.000000,Egress P99.900000,Egress P99.000000,Egress P90.000000,ECN P99.900000,ECN P99.000000,ECN P90.000000,Burst Threshold,StartTimestamp
0,0.0,794116.0,794116.0,0.0,0.0,11.0,27.0,1.0,-1.0,11.0,12.0,794116.0,0.0,745279.0,0.0,0.0,-1.0,,,,,,,,,,,,,,,1641906276036.035
1,0.0,970536.0,970536.0,0.0,0.0,14.0,49.0,1.0,-1.0,14.0,12.0,970536.0,0.0,439424.0,0.0,0.0,-1.0,,,,,,,,,,,,,,,1641906276036.035
2,0.0,802856.0,802856.0,0.0,0.0,13.0,75.0,1.0,-1.0,13.0,13.0,802856.0,0.0,713104.0,0.0,0.0,-1.0,,,,,,,,,,,,,,,1641906276036.035
3,0.0,799706.0,799706.0,0.0,0.0,16.0,100.0,1.0,-1.0,16.0,17.0,799706.0,0.0,566500.0,0.0,0.0,-1.0,,,,,,,,,,,,,,,1641906276036.035
4,0.0,848725.0,848725.0,0.0,0.0,12.0,128.0,1.0,-1.0,12.0,13.0,848725.0,0.0,452763.0,0.0,0.0,-1.0,,,,,,,,,,,,,,,1641906276036.035
5,0.0,785500.0,785500.0,0.0,0.0,10.0,145.0,1.0,-1.0,10.0,12.0,785500.0,0.0,718400.0,0.0,0.0,-1.0,,,,,,,,,,,,,,,1641906276036.035
6,0.0,782532.0,782532.0,0.0,0.0,10.0,151.0,1.0,-1.0,10.0,9.0,782532.0,0.0,478215.0,0.0,0.0,-1.0,,,,,,,,,,,,,,,1641906276036.035
7,0.0,843319.0,843319.0,0.0,0.0,10.0,153.0,1.0,-1.0,10.0,10.0,843319.0,0.0,579214.0,0.0,0.0,-1.0,,,,,,,,,,,,,,,1641906276036.035
8,0.0,783219.0,783219.0,0.0,0.0,17.0,194.0,1.0,-1.0,17.0,17.0,783219.0,0.0,595584.0,0.0,0.0,-1.0,,,,,,,,,,,,,,,1641906276036.035
9,0.0,806518.0,806518.0,0.0,0.0,13.0,205.0,1.0,-1.0,13.0,10.0,806518.0,0.0,777343.0,0.0,0.0,-1.0,,,,,,,,,,,,,,,1641906276036.035
10,0.0,992937.0,992937.0,0.0,0.0,10.0,262.0,1.0,-1.0,10.0,12.0,992937.0,0.0,569001.0,0.0,0.0,-1.0,,,,,,,,,,,,,,,1641906276036.035
11,0.0,1238280.0,1238280.0,0.0,0.0,12.0,266.0,1.0,-1.0,12.0,7.0,1238280.0,0.0,262475.0,0.0,0.0,-1.0,,,,,,,,,,,,,,,1641906276036.035
12,0.0,802481.0,802481.0,0.0,0.0,6.0,299.0,1.0,-1.0,6.0,6.0,802481.0,0.0,500081.0,0.0,0.0,-1.0,,,,,,,,,,,,,,,1641906276036.035
13,0.0,872009.0,872009.0,0.0,0.0,8.0,321.0,1.0,-1.0,8.0,9.0,872009.0,0.0,663108.0,0.0,0.0,-1.0,,,,,,,,,,,,,,,1641906276036.035
14,0.0,863313.0,863313.0,0.0,0.0,6.0,329.0,1.0,-1.0,6.0,6.0,863313.0,0.0,359601.0,0.0,0.0,-1.0,,,,,,,,,,,,,,,1641906276036.035
15,0.0,898581.0,898581.0,0.0,0.0,8.0,334.0,1.0,-1.0,8.0,9.0,898581.0,0.0,280884.0,0.0,0.0,-1.0,,,,,,,,,,,,,,,1641906276036.035
16,0.0,784416.0,784416.0,0.0,0.0,8.0,340.0,1.0,-1.0,8.0,8.0,784416.0,0.0,693020.0,0.0,0.0,-1.0,,,,,,,,,,,,,,,1641906276036.035
17,0.0,1421148.0,1421148.0,250334.0,9079.0,7.0,342.0,1.0,-1.0,7.0,7.0,1421148.0,0.0,772789.0,250334.0,250334.0,-1.0,,,,,,,,,,,,,,,1641906276036.035
18,0.0,952325.0,952325.0,0.0,0.0,5.0,351.0,1.0,-1.0,5.0,4.0,952325.0,0.0,593272.0,0.0,0.0,-1.0,,,,,,,,,,,,,,,1641906276036.035
19,0.0,940552.0,940552.0,0.0,0.0,6.0,438.0,1.0,-1.0,6.0,6.0,940552.0,0.0,302267.0,0.0,0.0,-1.0,,,,,,,,,,,,,,,1641906276036.035
20,0.0,837055.0,837055.0,0.0,0.0,9.0,463.0,1.0,-1.0,9.0,9.0,837055.0,0.0,744864.0,0.0,0.0,-1.0,,,,,,,,,,,,,,,1641906276036.035
21,0.0,850369.0,850369.0,0.0,0.0,7.0,484.0,1.0,-1.0,7.0,7.0,850369.0,0.0,407103.0,0.0,0.0,-1.0,,,,,,,,,,,,,,,1641906276036.035
22,0.0,889192.0,889192.0,0.0,0.0,13.0,719.0,1.0,-1.0,13.0,11.0,889192.0,0.0,347836.0,0.0,0.0,-1.0,,,,,,,,,,,,,,,1641906276036.035
23,0.0,786524.0,786524.0,0.0,0.0,12.0,747.0,1.0,-1.0,12.0,31.0,786524.0,0.0,703548.0,0.0,0.0,-1.0,,,,,,,,,,,,,,,1641906276036.035
24,0.0,1119598.0,1119598.0,0.0,0.0,35.0,753.0,1.0,-1.0,35.0,20.0,1119598.0,0.0,695205.0,0.0,0.0,-1.0,,,,,,,,,,,,,,,1641906276036.035
25,0.0,835833.0,835833.0,0.0,0.0,11.0,830.0,1.0,-1.0,11.0,12.0,835833.0,0.0,437716.0,0.0,0.0,-1.0,,,,,,,,,,,,,,,1641906276036.035
26,0.0,990278.0,990278.0,0.0,0.0,15.0,911.0,1.0,-1.0,15.0,15.0,990278.0,0.0,769449.0,0.0,0.0,-1.0,,,,,,,,,,,,,,,1641906276036.035
27,0.0,825088.0,825088.0,0.0,0.0,11.0,942.0,1.0,-1.0,11.0,11.0,825088.0,0.0,445416.0,0.0,0.0,-1.0,,,,,,,,,,,,,,,1641906276036.035
28,0.0,872244.0,872244.0,0.0,0.0,13.0,1033.0,1.0,-1.0,13.0,13.0,872244.0,0.0,627418.0,0.0,0.0,-1.0,,,,,,,,,,,,,,,1641906276036.035
29,0.0,846181.0,846181.0,0.0,0.0,12.0,1036.0,1.0,-1.0,12.0,12.0,846181.0,0.0,378042.0,0.0,0.0,-1.0,,,,,,,,,,,,,,,1641906276036.035
30,0.0,1085986.0,1085986.0,0.0,0.0,9.0,1045.0,1.0,-1.0,9.0,9.0,1085986.0,0.0,502803.0,0.0,0.0,-1.0,,,,,,,,,,,,,,,1641906276036.035
31,0.0,1020743.0,1020743.0,0.0,0.0,10.0,1057.0,1.0,-1.0,10.0,10.0,1020743.0,0.0,421135.0,0.0,0.0,-1.0,,,,,,,,,,,,,,,1641906276036.035
32,0.0,909454.0,909454.0,0.0,0.0,12.0,1069.0,1.0,-1.0,12.0,12.0,909454.0,0.0,601785.0,0.0,0.0,-1.0,,,,,,,,,,,,,,,1641906276036.035
33,0.0,781739.0,781739.0,0.0,0.0,5.0,1081.0,1.0,-1.0,5.0,7.0,781739.0,0.0,686389.0,0.0,0.0,-1.0,,,,,,,,,,,,,,,1641906276036.035
34,0.0,897837.0,897837.0,0.0,0.0,5.0,1114.0,1.0,-1.0,5.0,6.0,897837.0,0.0,562285.0,0.0,0.0,-1.0,,,,,,,,,,,,,,,1641906276036.035
35,0.0,1265253.0,1265253.0,0.0,214023.0,9.0,1124.0,1.0,-1.0,9.0,10.0,1265253.0,0.0,770910.0,0.0,0.0,-1.0,,,,,,,,,,,,,,,1641906276036.035
36,0.0,826578.0,826578.0,0.0,0.0,6.0,1143.0,1.0,-1.0,6.0,6.0,826578.0,0.0,428470.0,0.0,0.0,-1.0,,,,,,,,,,,,,,,1641906276036.035
37,0.0,1147959.0,1147959.0,0.0,0.0,11.0,1157.0,1.0,-1.0,11.0,12.0,1147959.0,0.0,774868.0,0.0,0.0,-1.0,,,,,,,,,,,,,,,1641906276036.035
38,0.0,1136813.0,1136813.0,0.0,0.0,10.0,1159.0,1.0,-1.0,10.0,9.0,1136813.0,0.0,575738.0,0.0,0.0,-1.0,,,,,,,,,,,,,,,1641906276036.035
39,0.0,1035964.0,1035964.0,0.0,0.0,11.0,1195.0,1.0,-1.0,11.0,8.0,1035964.0,0.0,577589.0,0.0,0.0,-1.0,,,,,,,,,,,,,,,1641906276036.035
40,0.0,892609.0,892609.0,0.0,0.0,10.0,1206.0,1.0,-1.0,10.0,10.0,892609.0,0.0,410880.0,0.0,0.0,-1.0,,,,,,,,,,,,,,,1641906276036.035
41,0.0,1032875.0,1032875.0,0.0,0.0,12.0,1234.0,1.0,-1.0,12.0,11.0,1032875.0,0.0,428192.0,0.0,0.0,-1.0,,,,,,,,,,,,,,,1641906276036.035
42,0.0,1115344.0,1115344.0,0.0,0.0,7.0,1260.0,1.0,-1.0,7.0,7.0,1115344.0,0.0,677295.0,0.0,0.0,-1.0,,,,,,,,,,,,,,,1641906276036.035
43,0.0,783166.0,783166.0,0.0,0.0,10.0,1317.0,1.0,-1.0,10.0,10.0,783166.0,0.0,671992.0,0.0,0.0,-1.0,,,,,,,,,,,,,,,1641906276036.035
44,0.0,984154.0,984154.0,0.0,0.0,11.0,1320.0,1.0,-1.0,11.0,8.0,984154.0,0.0,735677.0,0.0,0.0,-1.0,,,,,,,,,,,,,,,1641906276036.035
45,0.0,793654.0,793654.0,0.0,0.0,11.0,1349.0,1.0,-1.0,11.0,10.0,793654.0,0.0,663221.0,0.0,0.0,-1.0,,,,,,,,,,,,,,,1641906276036.035
46,0.0,782342.0,782342.0,0.0,0.0,35.0,1382.0,1.0,-1.0,35.0,17.0,782342.0,0.0,618477.0,0.0,0.0,-1.0,,,,,,,,,,,,,,,1641906276036.035
47,0.0,982172.0,982172.0,0.0,0.0,29.0,1384.0,1.0,-1.0,29.0,30.0,982172.0,0.0,726700.0,0.0,0.0,-1.0,,,,,,,,,,,,,,,1641906276036.035
48,0.0,913461.0,913461.0,0.0,0.0,13.0,1410.0,1.0,-1.0,13.0,14.0,913461.0,0.0,522313.0,0.0,0.0,-1.0,,,,,,,,,,,,,,,1641906276036.035
49,0.0,812168.0,812168.0,0.0,0.0,10.0,1421.0,1.0,-1.0,10.0,8.0,812168.0,0.0,741853.0,0.0,0.0,-1.0,,,,,,,,,,,,,,,1641906276036.035
50,0.0,828419.0,828419.0,0.0,0.0,14.0,1444.0,1.0,-1.0,14.0,15.0,828419.0,0.0,277163.0,0.0,0.0,-1.0,,,,,,,,,,,,,,,1641906276036.035
51,0.0,975054.0,975054.0,0.0,0.0,12.0,1456.0,1.0,-1.0,12.0,11.0,975054.0,0.0,616828.0,0.0,0.0,-1.0,,,,,,,,,,,,,,,1641906276036.035
52,0.0,852622.0,852622.0,0.0,0.0,12.0,1481.0,1.0,-1.0,12.0,12.0,852622.0,0.0,483418.0,0.0,0.0,-1.0,,,,,,,,,,,,,,,1641906276036.035
53,0.0,806119.0,806119.0,0.0,0.0,19.0,1556.0,1.0,-1.0,19.0,19.0,806119.0,0.0,421744.0,0.0,0.0,-1.0,,,,,,,,,,,,,,,1641906276036.035
54,0.0,819800.0,819800.0,0.0,0.0,15.0,1564.0,1.0,-1.0,15.0,13.0,819800.0,0.0,291937.0,0.0,0.0,-1.0,,,,,,,,,,,,,,,1641906276036.035
55,0.0,954535.0,954535.0,0.0,0.0,8.0,1615.0,1.0,-1.0,8.0,8.0,954535.0,0.0,449237.0,0.0,0.0,-1.0,,,,,,,,,,,,,,,1641906276036.035
56,0.0,791604.0,791604.0,0.0,0.0,12.0,1632.0,1.0,-1.0,12.0,12.0,791604.0,0.0,719449.0,0.0,0.0,-1.0,,,,,,,,,,,,,,,1641906276036.035
57,0.0,945838.0,945838.0,0.0,0.0,14.0,1661.0,1.0,-1.0,14.0,14.0,945838.0,0.0,717583.0,0.0,0.0,-1.0,,,,,,,,,,,,,,,1641906276036.035
58,0.0,883030.0,883030.0,0.0,0.0,8.0,1675.0,1.0,-1.0,8.0,6.0,883030.0,0.0,114402.0,0.0,0.0,-1.0,,,,,,,,,,,,,,,1641906276036.035
59,0.0,782643.0,782643.0,0.0,0.0,10.0,1689.0,1.0,-1.0,10.0,10.0,782643.0,0.0,109662.0,0.0,0.0,-1.0,,,,,,,,,,,,,,,1641906276036.035
60,0.0,834851.0,834851.0,0.0,0.0,7.0,1747.0,1.0,-1.0,7.0,7.0,834851.0,0.0,449685.0,0.0,0.0,-1.0,,,,,,,,,,,,,,,1641906276036.035
61,0.0,1031205.0,1031205.0,0.0,0.0,8.0,1750.0,1.0,-1.0,8.0,6.0,1031205.0,0.0,310996.0,0.0,0.0,-1.0,,,,,,,,,,,,,,,1641906276036.035
62,0.0,784532.0,784532.0,0.0,0.0,13.0,1802.0,1.0,-1.0,13.0,10.0,784532.0,0.0,666291.0,0.0,0.0,-1.0,,,,,,,,,,,,,,,1641906276036.035
63,0.0,864132.0,864132.0,0.0,0.0,11.0,1808.0,1.0,-1.0,11.0,12.0,864132.0,0.0,713874.0,0.0,0.0,-1.0,,,,,,,,,,,,,,,1641906276036.035
64,0.0,934829.0,934829.0,0.0,0.0,12.0,1874.0,1.0,-1.0,12.0,11.0,934829.0,0.0,410111.0,0.0,0.0,-1.0,,,,,,,,,,,,,,,1641906276036.035
65,0.0,882952.0,882952.0,0.0,0.0,10.0,1878.0,1.0,-1.0,10.0,8.0,882952.0,0.0,469605.0,0.0,0.0,-1.0,,,,,,,,,,,,,,,1641906276036.035
66,0.0,898860.0,898860.0,0.0,0.0,12.0,1886.0,1.0,-1.0,12.0,12.0,898860.0,0.0,361176.0,0.0,0.0,-1.0,,,,,,,,,,,,,,,1641906276036.035
67,0.0,1079811.0,1079811.0,0.0,0.0,11.0,1889.0,1.0,-1.0,11.0,14.0,1079811.0,0.0,741612.0,0.0,0.0,-1.0,,,,,,,,,,,,,,,1641906276036.035
68,0.0,958292.0,958292.0,0.0,0.0,13.0,1896.0,1.0,-1.0,13.0,12.0,958292.0,0.0,521870.0,0.0,0.0,-1.0,,,,,,,,,,,,,,,1641906276036.035
69,0.0,877848.0,877848.0,0.0,0.0,9.0,1918.0,1.0,-1.0,9.0,9.0,877848.0,0.0,326264.0,0.0,0.0,-1.0,,,,,,,,,,,,,,,1641906276036.035
70,0.0,822171.0,822171.0,0.0,0.0,11.0,1925.0,1.0,-1.0,11.0,9.0,822171.0,0.0,371406.0,0.0,0.0,-1.0,,,,,,,,,,,,,,,1641906276036.035
71,0.0,1044264.0,1042551.7,0.0,0.0,14.0,1.0,2.0,-1.0,14.0,14.0,2054282.0,0.0,541447.0,0.0,0.0,-1.0,,,,,,,,,,,,,,,1641906276036.035
72,0.0,1090622.0,1078963.35,0.0,0.0,14.0,18.0,2.0,-1.0,14.0,12.0,1948071.0,0.0,624370.0,0.0,0.0,-1.0,,,,,,,,,,,,,,,1641906276036.035
73,0.0,1348680.0,1339479.0,470962.0,13220.0,16.5,115.0,2.0,-1.0,19.0,19.0,2513340.0,0.0,288066.0,365590.7,341693.0,-1.0,,,,,,,,,,,,,,,1641906276036.035
74,0.0,1054446.0,1053325.1,0.0,0.0,7.5,496.0,2.0,-1.0,9.0,8.0,2086474.0,0.0,446501.0,0.0,0.0,-1.0,,,,,,,,,,,,,,,1641906276036.035
75,0.0,1017248.0,1016260.15,0.0,0.0,11.5,503.0,2.0,-1.0,12.0,12.0,2014739.0,0.0,314964.0,0.0,0.0,-1.0,,,,,,,,,,,,,,,1641906276036.035
76,0.0,1152905.0,1145339.5,0.0,61379.0,18.5,584.0,2.0,-1.0,19.0,16.0,2154500.0,0.0,685750.0,0.0,0.0,-1.0,,,,,,,,,,,,,,,1641906276036.035
77,0.0,1280490.0,1278271.95,103331.0,0.0,8.5,601.0,2.0,-1.0,9.0,9.0,2516619.0,0.0,666926.0,98754.01,90105.1,-1.0,,,,,,,,,,,,,,,1641906276036.035
78,0.0,1085584.0,1071829.55,0.0,0.0,11.0,695.0,2.0,-1.0,11.0,11.0,1896079.0,0.0,722412.0,0.0,0.0,-1.0,,,,,,,,,,,,,,,1641906276036.035
79,0.0,991406.0,985701.2,0.0,0.0,12.5,699.0,2.0,-1.0,14.0,14.0,1868716.0,0.0,733377.0,0.0,0.0,-1.0,,,,,,,,,,,,,,,1641906276036.035
80,0.0,1059943.0,1050899.25,0.0,0.0,13.5,705.0,2.0,-1.0,14.0,10.0,1939011.0,0.0,380955.0,0.0,0.0,-1.0,,,,,,,,,,,,,,,1641906276036.035
81,0.0,866092.0,865318.6,0.0,0.0,13.0,722.0,2.0,-1.0,14.0,14.0,1716716.0,0.0,610075.0,0.0,0.0,-1.0,,,,,,,,,,,,,,,1641906276036.035
82,0.0,1362400.0,1350715.85,539324.0,12263.0,14.5,743.0,2.0,-1.0,15.0,13.0,2491117.0,0.0,575306.0,343663.76,330071.6,-1.0,,,,,,,,,,,,,,,1641906276036.035
83,0.0,1114149.0,1102453.75,0.0,0.0,11.5,827.0,2.0,-1.0,12.0,10.0,1994393.0,0.0,643489.0,0.0,0.0,-1.0,,,,,,,,,,,,,,,1641906276036.035
84,0.0,992351.0,983222.05,0.0,0.0,12.5,872.0,2.0,-1.0,15.0,15.0,1802123.0,0.0,512188.0,0.0,0.0,-1.0,,,,,,,,,,,,,,,1641906276036.035
85,0.0,905133.0,902911.65,0.0,0.0,19.0,904.0,2.0,-1.0,30.0,31.0,1765839.0,0.0,637377.0,0.0,0.0,-1.0,,,,,,,,,,,,,,,1641906276036.035
86,0.0,1220220.0,1212450.75,0.0,0.0,57.5,907.0,2.0,-1.0,75.0,42.0,2285055.0,0.0,505918.0,0.0,0.0,-1.0,,,,,,,,,,,,,,,1641906276036.035
87,0.0,1246280.0,1245392.45,0.0,0.0,58.5,997.0,2.0,-1.0,63.0,37.0,2474809.0,0.0,779137.0,0.0,0.0,-1.0,,,,,,,,,,,,,,,1641906276036.035
88,0.0,1081152.0,1070148.3,0.0,0.0,12.0,1010.0,2.0,-1.0,12.0,9.0,1942230.0,0.0,225129.0,0.0,0.0,-1.0,,,,,,,,,,,,,,,1641906276036.035
89,0.0,891160.0,886568.8,0.0,0.0,14.0,1024.0,2.0,-1.0,15.0,16.0,1690496.0,0.0,739405.0,0.0,0.0,-1.0,,,,,,,,,,,,,,,1641906276036.035
90,0.0,1064254.0,1058026.2,0.0,0.0,9.5,1099.0,2.0,-1.0,11.0,12.0,2003952.0,0.0,651181.0,0.0,0.0,-1.0,,,,,,,,,,,,,,,1641906276036.035
91,0.0,1087320.0,1078602.9,0.0,0.0,9.5,1105.0,2.0,-1.0,10.0,11.0,2000298.0,0.0,591642.0,0.0,0.0,-1.0,,,,,,,,,,,,,,,1641906276036.035
92,0.0,1191292.0,1170885.75,0.0,0.0,9.0,1131.0,2.0,-1.0,9.0,10.0,1974459.0,0.0,429674.0,0.0,0.0,-1.0,,,,,,,,,,,,,,,1641906276036.035
93,0.0,1275920.0,1272359.2,0.0,0.0,11.0,1153.0,2.0,-1.0,13.0,14.0,2480624.0,0.0,731520.0,0.0,0.0,-1.0,,,,,,,,,,,,,,,1641906276036.035
94,0.0,1365932.0,1343550.4,0.0,0.0,10.5,1237.0,2.0,-1.0,11.0,8.0,2284232.0,0.0,649934.0,0.0,0.0,-1.0,,,,,,,,,,,,,,,1641906276036.035
95,0.0,1101370.0,1097157.1,0.0,0.0,9.0,1240.0,2.0,-1.0,10.0,8.0,2118482.0,0.0,736267.0,0.0,0.0,-1.0,,,,,,,,,,,,,,,1641906276036.035
96,0.0,976436.0,969815.85,0.0,0.0,7.5,1257.0,2.0,-1.0,8.0,8.0,1820469.0,0.0,634377.0,0.0,0.0,-1.0,,,,,,,,,,,,,,,1641906276036.035
97,0.0,926718.0,919593.15,0.0,0.0,8.0,1307.0,2.0,-1.0,8.0,8.0,1710939.0,0.0,553469.0,0.0,0.0,-1.0,,,,,,,,,,,,,,,1641906276036.035
98,0.0,1002761.0,996501.3,0.0,0.0,11.0,1334.0,2.0,-1.0,11.0,9.0,1880328.0,0.0,649188.0,0.0,0.0,-1.0,,,,,,,,,,,,,,,1641906276036.035
99,0.0,955579.0,950486.7,0.0,0.0,13.0,1526.0,2.0,-1.0,13.0,12.0,1809312.0,0.0,532072.0,0.0,0.0,-1.0,,,,,,,,,,,,,,,1641906276036.035
100,0.0,1429215.0,1413719.0,0.0,0.0,22.5,1561.0,2.0,-1.0,28.0,18.0,2548510.0,0.0,696730.0,0.0,0.0,-1.0,,,,,,,,,,,,,,,1641906276036.035
101,0.0,908091.0,906348.5,0.0,0.0,22.0,1601.0,2.0,-1.0,27.0,28.0,1781332.0,0.0,634257.0,0.0,0.0,-1.0,,,,,,,,,,,,,,,1641906276036.035
102,0.0,1036351.0,1026187.0,0.0,0.0,14.0,1605.0,2.0,-1.0,14.0,11.0,1869422.0,0.0,475500.0,0.0,0.0,-1.0,,,,,,,,,,,,,,,1641906276036.035
103,0.0,1012714.0,1006928.5,0.0,0.0,9.0,1705.0,2.0,-1.0,9.0,8.0,1909718.0,0.0,712808.0,0.0,0.0,-1.0,,,,,,,,,,,,,,,1641906276036.035
104,0.0,915932.0,911927.95,0.0,0.0,8.0,1709.0,2.0,-1.0,8.0,7.0,1751783.0,0.0,731102.0,0.0,0.0,-1.0,,,,,,,,,,,,,,,1641906276036.035
105,0.0,1330011.0,1323863.4,0.0,0.0,8.0,1713.0,2.0,-1.0,8.0,8.0,2537070.0,0.0,630265.0,0.0,0.0,-1.0,,,,,,,,,,,,,,,1641906276036.035
106,0.0,1040996.0,1040218.85,0.0,0.0,7.5,1744.0,2.0,-1.0,8.0,9.0,2066449.0,0.0,720557.0,0.0,0.0,-1.0,,,,,,,,,,,,,,,1641906276036.035
107,0.0,1011263.0,1006223.8,0.0,0.0,6.5,1764.0,2.0,-1.0,7.0,11.0,1921742.0,0.0,546826.0,0.0,0.0,-1.0,,,,,,,,,,,,,,,1641906276036.035
108,0.0,1340813.0,1328288.3,0.0,0.0,17.5,1768.0,2.0,-1.0,27.0,41.0,2431132.0,0.0,317831.0,0.0,0.0,-1.0,,,,,,,,,,,,,,,1641906276036.035
109,0.0,1096180.0,1086211.5,0.0,0.0,10.5,1851.0,2.0,-1.0,11.0,9.0,1992990.0,0.0,696382.0,0.0,0.0,-1.0,,,,,,,,,,,,,,,1641906276036.035
110,0.0,1165122.0,1157527.85,0.0,0.0,14.5,1859.0,2.0,-1.0,15.0,16.0,2178361.0,0.0,725644.0,0.0,0.0,-1.0,,,,,,,,,,,,,,,1641906276036.035
111,0.0,1076326.0,1066063.2,0.0,0.0,13.0,5.0,3.0,-1.0,13.0,13.0,2907602.0,0.0,530483.0,0.0,0.0,-1.0,,,,,,,,,,,,,,,1641906276036.035
112,0.0,889863.0,887082.2,0.0,0.0,17.333333333333332,70.0,3.0,-1.0,19.0,17.0,2587767.0,0.0,780797.0,0.0,0.0,-1.0,,,,,,,,,,,,,,,1641906276036.035
113,0.0,1015080.0,1012650.3,0.0,0.0,11.666666666666666,77.0,3.0,-1.0,12.0,14.0,2940747.0,0.0,691863.0,0.0,0.0,-1.0,,,,,,,,,,,,,,,1641906276036.035
114,0.0,1174049.0,1173422.7,0.0,0.0,15.333333333333334,81.0,3.0,-1.0,16.0,13.0,3443249.0,0.0,633563.0,0.0,0.0,-1.0,,,,,,,,,,,,,,,1641906276036.035
115,0.0,1368383.0,1325633.1,500648.0,608.0,13.666666666666666,123.0,3.0,-1.0,17.0,9.0,3091344.0,0.0,763092.0,458263.83999999997,380286.4,-1.0,,,,,,,,,,,,,,,1641906276036.035
116,0.0,1274232.0,1255885.0,236169.0,0.0,11.0,279.0,3.0,-1.0,12.0,12.0,3282274.0,0.0,387182.0,223511.22,183976.2,-1.0,,,,,,,,,,,,,,,1641906276036.035
117,0.0,1087406.0,1072708.5,0.0,0.0,9.0,499.0,3.0,-1.0,10.0,12.0,2901707.0,0.0,778185.0,0.0,0.0,-1.0,,,,,,,,,,,,,,,1641906276036.035
118,0.0,1134134.0,1126636.7,0.0,0.0,10.666666666666666,506.0,3.0,-1.0,12.0,10.0,3036476.0,0.0,341857.0,0.0,0.0,-1.0,,,,,,,,,,,,,,,1641906276036.035
119,0.0,1408695.0,1405207.1,0.0,0.0,11.0,537.0,3.0,-1.0,12.0,10.0,3904717.0,0.0,728956.0,0.0,0.0,-1.0,,,,,,,,,,,,,,,1641906276036.035
120,0.0,903276.0,901814.2,0.0,0.0,13.0,593.0,3.0,-1.0,13.0,8.0,2615668.0,0.0,780906.0,0.0,0.0,-1.0,,,,,,,,,,,,,,,1641906276036.035
121,0.0,1209389.0,1190750.7,0.0,0.0,7.666666666666667,647.0,3.0,-1.0,9.0,8.0,3099326.0,0.0,612327.0,0.0,0.0,-1.0,,,,,,,,,,,,,,,1641906276036.035
122,0.0,953182.0,941016.4,0.0,0.0,7.666666666666667,661.0,3.0,-1.0,8.0,7.0,2572966.0,0.0,742995.0,0.0,0.0,-1.0,,,,,,,,,,,,,,,1641906276036.035
123,0.0,1005867.0,1000078.9,0.0,0.0,14.0,788.0,3.0,-1.0,17.0,11.0,2777367.0,0.0,252719.0,0.0,0.0,-1.0,,,,,,,,,,,,,,,1641906276036.035
124,0.0,1062453.0,1046568.9,0.0,0.0,12.666666666666666,794.0,3.0,-1.0,14.0,11.0,2828624.0,0.0,673674.0,0.0,0.0,-1.0,,,,,,,,,,,,,,,1641906276036.035
125,0.0,1018802.0,1003169.4,0.0,0.0,10.333333333333334,849.0,3.0,-1.0,12.0,13.0,2728656.0,0.0,279885.0,0.0,0.0,-1.0,,,,,,,,,,,,,,,1641906276036.035
126,0.0,1208538.0,1206643.7,0.0,0.0,12.333333333333334,862.0,3.0,-1.0,13.0,11.0,3457088.0,0.0,585735.0,0.0,0.0,-1.0,,,,,,,,,,,,,,,1641906276036.035
127,0.0,1362965.0,1323872.8,436347.0,0.0,11.0,1019.0,3.0,-1.0,12.0,11.0,3191062.0,0.0,367848.0,412958.94,339914.4,-1.0,,,,,,,,,,,,,,,1641906276036.035
128,0.0,1013735.0,999003.7,0.0,0.0,9.333333333333334,1063.0,3.0,-1.0,10.0,9.0,2715780.0,0.0,360488.0,0.0,0.0,-1.0,,,,,,,,,,,,,,,1641906276036.035
129,0.0,1118741.0,1117254.8,0.0,0.0,7.0,1110.0,3.0,-1.0,7.0,5.0,3213054.0,0.0,687448.0,0.0,0.0,-1.0,,,,,,,,,,,,,,,1641906276036.035
130,0.0,975122.0,971118.2,0.0,0.0,8.333333333333334,1118.0,3.0,-1.0,10.0,5.0,2719704.0,0.0,320434.0,0.0,0.0,-1.0,,,,,,,,,,,,,,,1641906276036.035
131,0.0,1072549.0,1055116.2,7762.0,0.0,12.333333333333334,1126.0,3.0,-1.0,13.0,7.0,2809918.0,0.0,524138.0,7606.76,6209.6,-1.0,,,,,,,,,,,,,,,1641906276036.035
132,0.0,1435243.0,1405071.3,0.0,0.0,19.0,1386.0,3.0,-1.0,19.0,15.0,3639533.0,0.0,750241.0,0.0,0.0,-1.0,,,,,,,,,,,,,,,1641906276036.035
133,0.0,1326877.0,1321628.9,0.0,0.0,12.666666666666666,1576.0,3.0,-1.0,13.0,12.0,3471007.0,0.0,622392.0,0.0,0.0,-1.0,,,,,,,,,,,,,,,1641906276036.035
134,0.0,1098223.0,1089053.5,0.0,0.0,15.333333333333334,1657.0,3.0,-1.0,16.0,14.0,2972147.0,0.0,759036.0,0.0,0.0,-1.0,,,,,,,,,,,,,,,1641906276036.035
135,0.0,1376342.0,1354176.6,0.0,0.0,11.666666666666666,1699.0,3.0,-1.0,13.0,10.0,3530306.0,0.0,756320.0,0.0,0.0,-1.0,,,,,,,,,,,,,,,1641906276036.035
136,0.0,1251841.0,1244342.8,0.0,0.0,9.0,155.0,4.0,-1.0,10.0,7.0,4546843.0,0.0,562459.0,0.0,0.0,-1.0,,,,,,,,,,,,,,,1641906276036.035
137,0.0,1353193.0,1329373.2999999998,296243.0,2620.0,12.0,323.0,4.0,-1.0,13.0,8.0,4669887.0,0.0,490801.0,122220.47,115105.70000000001,-1.0,,,,,,,,,,,,,,,1641906276036.035
138,0.0,1479199.0,1464086.2,595364.0,0.0,11.5,405.0,4.0,-1.0,13.0,13.0,4798912.0,0.0,602358.0,390482.9099999999,333107.10000000003,-1.0,,,,,,,,,,,,,,,1641906276036.035
139,0.0,1468791.0,1438227.45,187775.0,6810.0,10.0,458.0,4.0,-1.0,11.0,11.0,4632922.0,0.0,630800.0,182141.74999999994,131442.50000000003,-1.0,,,,,,,,,,,,,,,1641906276036.035
140,0.0,1268286.0,1264167.45,0.0,0.0,11.0,550.0,4.0,-1.0,13.0,10.0,4618677.0,0.0,481728.0,0.0,0.0,-1.0,,,,,,,,,,,,,,,1641906276036.035
141,0.0,1352655.0,1350214.2,0.0,0.0,21.25,568.0,4.0,-1.0,28.0,19.0,4548458.0,0.0,642741.0,0.0,0.0,-1.0,,,,,,,,,,,,,,,1641906276036.035
142,0.0,1038400.0,1019749.45,0.0,0.0,11.5,728.0,4.0,-1.0,13.0,10.0,3661729.0,0.0,620832.0,0.0,0.0,-1.0,,,,,,,,,,,,,,,1641906276036.035
143,0.0,1226504.0,1201087.4,0.0,0.0,13.5,775.0,4.0,-1.0,15.0,15.0,4192025.0,0.0,715203.0,0.0,0.0,-1.0,,,,,,,,,,,,,,,1641906276036.035
144,0.0,1394417.0,1372053.95,0.0,0.0,8.25,1136.0,4.0,-1.0,9.0,9.0,4722634.0,0.0,340041.0,0.0,0.0,-1.0,,,,,,,,,,,,,,,1641906276036.035
145,0.0,1394791.0,1368946.15,0.0,0.0,5.25,1166.0,4.0,-1.0,6.0,6.0,4480377.0,0.0,654419.0,0.0,0.0,-1.0,,,,,,,,,,,,,,,1641906276036.035
146,0.0,1406121.0,1388325.45,57462.0,0.0,11.0,1216.0,4.0,-1.0,14.0,11.0,4520051.0,0.0,493483.0,53771.07999999999,39362.80000000001,-1.0,,,,,,,,,,,,,,,1641906276036.035
147,0.0,1559822.0,1528960.8499999999,1908641.0,11602.0,10.25,1275.0,4.0,-1.0,11.0,11.0,5251598.0,0.0,657932.0,1281853.3699999996,1027237.7000000002,-1.0,,,,,,,,,,,,,,,1641906276036.035
148,0.0,1424259.0,1408874.55,614263.0,22279.0,11.0,1447.0,4.0,-1.0,11.0,11.0,4733616.0,0.0,527831.0,595835.1099999999,429984.1000000001,-1.0,,,,,,,,,,,,,,,1641906276036.035
149,0.0,1049977.0,1046915.65,0.0,0.0,12.75,1490.0,4.0,-1.0,14.0,10.0,4022366.0,0.0,577604.0,0.0,0.0,-1.0,,,,,,,,,,,,,,,1641906276036.035
150,0.0,1311698.0,1296805.4,0.0,0.0,13.5,1520.0,4.0,-1.0,15.0,16.0,4540493.0,0.0,729316.0,0.0,0.0,-1.0,,,,,,,,,,,,,,,1641906276036.035
151,0.0,1183987.0,1147493.0499999998,0.0,0.0,12.25,1534.0,4.0,-1.0,13.0,13.0,3786133.0,0.0,379400.0,0.0,0.0,-1.0,,,,,,,,,,,,,,,1641906276036.035
152,0.0,1526090.0,1518945.05,1877940.0,0.0,10.75,1694.0,4.0,-1.0,11.0,8.0,5215687.0,0.0,686962.0,1038435.82,973310.2000000001,-1.0,,,,,,,,,,,,,,,1641906276036.035
153,0.0,1222560.0,1202456.7,0.0,0.0,14.0,1864.0,4.0,-1.0,16.0,17.0,4180060.0,0.0,588402.0,0.0,0.0,-1.0,,,,,,,,,,,,,,,1641906276036.035
154,0.0,1212660.0,1174730.6,0.0,0.0,11.8,31.0,5.0,-1.0,13.0,12.0,4845054.0,0.0,470778.0,0.0,0.0,-1.0,,,,,,,,,,,,,,,1641906276036.035
155,0.0,1366572.0,1315834.0,145086.0,0.0,14.0,133.0,5.0,-1.0,15.0,12.0,5326791.0,0.0,580820.0,120567.92,82767.20000000001,-1.0,,,,,,,,,,,,,,,1641906276036.035
156,0.0,1198316.0,1193763.2,0.0,0.0,12.8,139.0,5.0,-1.0,14.0,10.0,5267364.0,0.0,419757.0,0.0,0.0,-1.0,,,,,,,,,,,,,,,1641906276036.035
157,0.0,1509158.0,1493750.6,1288813.0,0.0,9.4,284.0,5.0,-1.0,10.0,7.0,6658517.0,0.0,396372.0,688684.44,542303.4,-1.0,,,,,,,,,,,,,,,1641906276036.035
158,0.0,1498041.0,1437913.5999999999,0.0,0.0,18.0,374.0,5.0,-1.0,19.0,14.0,5809632.0,0.0,610651.0,0.0,0.0,-1.0,,,,,,,,,,,,,,,1641906276036.035
159,0.0,1558779.0,1505755.2,460193.0,0.0,12.8,393.0,5.0,-1.0,13.0,11.0,6394650.0,0.0,728542.0,234934.04,227914.4,-1.0,,,,,,,,,,,,,,,1641906276036.035
160,0.0,1411597.0,1377043.8,11595.0,0.0,9.2,514.0,5.0,-1.0,10.0,8.0,5774704.0,0.0,487584.0,10758.6,6876.000000000001,-1.0,,,,,,,,,,,,,,,1641906276036.035
161,0.0,1314357.0,1285033.8,58494.0,0.0,13.8,541.0,5.0,-1.0,14.0,13.0,5322090.0,0.0,548073.0,43807.96,32251.600000000002,-1.0,,,,,,,,,,,,,,,1641906276036.035
162,0.0,1526029.0,1487223.6,25331.0,0.0,15.2,587.0,5.0,-1.0,18.0,13.0,6263463.0,0.0,748488.0,23574.399999999998,15037.000000000002,-1.0,,,,,,,,,,,,,,,1641906276036.035
163,0.0,1450310.0,1438928.2,1476657.0,0.0,11.8,651.0,5.0,-1.0,13.0,9.0,6346042.0,0.0,615221.0,730490.36,713771.6,-1.0,,,,,,,,,,,,,,,1641906276036.035
164,0.0,1408052.0,1405911.8,2601572.0,0.0,10.6,835.0,5.0,-1.0,12.0,9.0,6142562.0,0.0,479267.0,1078601.6,1056476.0,-1.0,,,,,,,,,,,,,,,1641906276036.035
165,0.0,1506013.0,1492595.2,1489290.0,0.0,9.0,983.0,5.0,-1.0,10.0,9.0,6242441.0,0.0,736212.0,951138.2,776009.0,-1.0,,,,,,,,,,,,,,,1641906276036.035
166,0.0,1408940.0,1376252.2,345953.0,0.0,10.0,1050.0,5.0,-1.0,11.0,10.0,5635699.0,0.0,511625.0,320975.51999999996,205150.20000000004,-1.0,,,,,,,,,,,,,,,1641906276036.035
167,0.0,1436185.0,1414926.8,793830.0,11770.0,38.0,1185.0,5.0,-1.0,62.0,11.0,5439586.0,0.0,761063.0,448397.28,408106.8,-1.0,,,,,,,,,,,,,,,1641906276036.035
168,0.0,1307467.0,1307206.2,391677.0,0.0,11.0,1243.0,5.0,-1.0,12.0,9.0,5969740.0,0.0,476754.0,363398.56,232264.60000000003,-1.0,,,,,,,,,,,,,,,1641906276036.035
169,0.0,1507828.0,1496285.0,2760544.0,5436.0,9.2,1328.0,5.0,-1.0,11.0,11.0,6941326.0,0.0,756756.0,915366.0,862302.0,-1.0,,,,,,,,,,,,,,,1641906276036.035
170,0.0,1388478.0,1383928.6,337619.0,7643.0,18.0,1785.0,5.0,-1.0,27.0,14.0,5737343.0,0.0,286762.0,205723.75999999998,147761.60000000003,-1.0,,,,,,,,,,,,,,,1641906276036.035
171,0.0,1389521.0,1340594.0,150608.0,0.0,10.8,1929.0,5.0,-1.0,14.0,7.0,5620545.0,0.0,654055.0,125691.48,86041.8,-1.0,,,,,,,,,,,,,,,1641906276036.035
172,0.0,1308097.0,1306173.25,0.0,0.0,14.666666666666666,89.0,6.0,-1.0,15.0,14.0,7009095.0,0.0,166417.0,0.0,0.0,-1.0,,,,,,,,,,,,,,,1641906276036.035
173,0.0,1467132.0,1465374.75,3220639.0,14152.0,10.5,302.0,6.0,-1.0,13.0,8.0,8018749.0,0.0,307832.0,1360092.3,1140486.0,-1.0,,,,,,,,,,,,,,,1641906276036.035
174,0.0,1562500.0,1534801.75,1965966.0,12042.0,9.833333333333334,604.0,6.0,-1.0,13.0,11.0,7184719.0,0.0,570964.0,972557.3,784163.0,-1.0,,,,,,,,,,,,,,,1641906276036.035
175,0.0,1432296.0,1432128.25,1110894.0,0.0,12.833333333333334,712.0,6.0,-1.0,15.0,15.0,7288970.0,0.0,615805.0,699394.25,480867.5,-1.0,,,,,,,,,,,,,,,1641906276036.035
176,0.0,1216550.0,1186810.0,0.0,0.0,17.0,780.0,6.0,-1.0,19.0,18.0,6011567.0,0.0,308553.0,0.0,0.0,-1.0,,,,,,,,,,,,,,,1641906276036.035
177,0.0,1269856.0,1207224.0,0.0,0.0,11.0,1400.0,6.0,-1.0,13.0,11.0,5868431.0,0.0,744282.0,0.0,0.0,-1.0,,,,,,,,,,,,,,,1641906276036.035
178,0.0,1484486.0,1472303.0,1169161.0,0.0,11.5,1436.0,6.0,-1.0,13.0,11.0,7292107.0,0.0,607505.0,1045143.2000000002,584003.0,-1.0,,,,,,,,,,,,,,,1641906276036.035
179,0.0,1444064.0,1409142.75,346831.0,0.0,15.5,1648.0,6.0,-1.0,18.0,18.0,7177796.0,0.0,666683.0,212484.05000000002,171282.5,-1.0,,,,,,,,,,,,,,,1641906276036.035
180,0.0,1420521.0,1418113.25,104517.0,0.0,13.666666666666666,1777.0,6.0,-1.0,14.0,13.0,7223765.0,0.0,605389.0,95998.95000000001,52258.5,-1.0,,,,,,,,,,,,,,,1641906276036.035
181,0.0,1517626.0,1474801.25,1343059.0,0.0,25.666666666666668,1960.0,6.0,-1.0,46.0,0.0,7665794.0,0.0,0.0,810354.3500000001,656844.5,-1.0,,,,,,,,,,,,,,,1641906276036.035
182,0.0,1496597.0,1473411.8,1284633.0,414.0,9.142857142857142,357.0,7.0,-1.0,11.0,10.0,8161649.0,0.0,422766.0,742008.8399999999,537680.4000000001,-1.0,,,,,,,,,,,,,,,1641906276036.035
183,0.0,1438909.0,1426797.0999999999,858417.0,0.0,10.857142857142858,926.0,7.0,-1.0,13.0,10.0,8330751.0,0.0,667361.0,645826.1399999997,365036.4000000002,-1.0,,,,,,,,,,,,,,,1641906276036.035
184,0.0,1232863.0,1228605.4,53609.0,0.0,13.142857142857142,1225.0,7.0,-1.0,15.0,14.0,7496456.0,0.0,561019.0,48741.57999999997,21818.800000000017,-1.0,,,,,,,,,,,,,,,1641906276036.035
185,0.0,1562500.0,1524627.4,941538.0,20683.0,9.571428571428571,1263.0,7.0,-1.0,10.0,10.0,8375247.0,0.0,775134.0,559577.0999999999,382530.0000000001,-1.0,,,,,,,,,,,,,,,1641906276036.035
186,0.0,1494898.0,1489537.6,1284676.0,0.0,17.428571428571427,1548.0,7.0,-1.0,20.0,18.0,9306594.0,0.0,723847.0,503563.3799999999,368089.8000000001,-1.0,,,,,,,,,,,,,,,1641906276036.035
187,0.0,1499385.0,1484307.3,1416155.0,0.0,6.857142857142857,1734.0,7.0,-1.0,10.0,6.0,9170274.0,0.0,558773.0,637629.8599999999,476213.6000000001,-1.0,,,,,,,,,,,,,,,1641906276036.035
188,0.0,1445757.0,1441621.5,1916392.0,3275.0,12.0,1936.0,7.0,-1.0,16.0,14.0,9342526.0,0.0,706896.0,662109.8999999999,614166.0,-1.0,,,,,,,,,,,,,,,1641906276036.035
189,0.0,1486121.0,1453202.0999999999,1105168.0,0.0,7.375,428.0,8.0,-1.0,10.0,6.0,9834592.0,0.0,376258.0,642063.4699999999,348433.69999999995,-1.0,,,,,,,,,,,,,,,1641906276036.035
190,0.0,1156811.0,1124719.5,0.0,0.0,10.125,665.0,8.0,-1.0,13.0,13.0,8282724.0,0.0,579277.0,0.0,0.0,-1.0,,,,,,,,,,,,,,,1641906276036.035
191,0.0,1552037.0,1529781.55,4066073.0,0.0,14.0,734.0,8.0,-1.0,18.0,12.0,9812448.0,0.0,777030.0,1405076.66,1339580.6,-1.0,,,,,,,,,,,,,,,1641906276036.035
192,0.0,1076146.0,1069886.6,0.0,0.0,13.5,1391.0,8.0,-1.0,15.0,14.0,7577811.0,0.0,744510.0,0.0,0.0,-1.0,,,,,,,,,,,,,,,1641906276036.035
193,0.0,1353527.0,1331452.15,0.0,0.0,10.625,1831.0,8.0,-1.0,12.0,9.0,9157781.0,0.0,551232.0,0.0,0.0,-1.0,,,,,,,,,,,,,,,1641906276036.035
194,0.0,1492610.0,1455286.4,1233167.0,0.0,16.77777777777778,221.0,9.0,-1.0,19.0,15.0,10241624.0,0.0,747144.0,752814.6799999999,377637.8000000001,-1.0,,,,,,,,,,,,,,,1641906276036.035
195,0.0,1444822.0,1440547.6,1812598.0,0.0,36.888888888888886,558.0,9.0,-1.0,63.0,29.0,10767676.0,0.0,532066.0,640854.72,607093.2,-1.0,,,,,,,,,,,,,,,1641906276036.035
196,0.0,1562500.0,1531700.0,2479564.0,6555.0,16.555555555555557,1000.0,9.0,-1.0,19.0,14.0,12012242.0,0.0,760557.0,715693.96,708430.6,-1.0,,,,,,,,,,,,,,,1641906276036.035
197,0.0,1512226.0,1471052.8,1280482.0,0.0,8.333333333333334,1085.0,9.0,-1.0,12.0,10.0,11022767.0,0.0,583928.0,642304.08,445312.80000000005,-1.0,,,,,,,,,,,,,,,1641906276036.035
198,0.0,1468944.0,1455546.0,1699274.0,0.0,9.0,1423.0,9.0,-1.0,11.0,11.0,10562828.0,0.0,678388.0,658851.8,553091.0,-1.0,,,,,,,,,,,,,,,1641906276036.035
199,0.0,1477216.0,1457186.8,1156119.0,0.0,13.88888888888889,1495.0,9.0,-1.0,17.0,10.0,11141778.0,0.0,701739.0,636738.52,324956.20000000007,-1.0,,,,,,,,,,,,,,,1641906276036.035
200,0.0,1256031.0,1249510.6,172610.0,0.0,6.666666666666667,1724.0,9.0,-1.0,9.0,7.0,9914846.0,0.0,756665.0,153726.75999999998,38146.60000000003,-1.0,,,,,,,,,,,,,,,1641906276036.035
201,0.0,1499787.0,1479317.4,1356022.0,0.0,7.8,310.0,10.0,-1.0,10.0,9.0,13465695.0,0.0,549184.0,672373.42,292514.19999999984,-1.0,,,,,,,,,,,,,,,1641906276036.035
202,0.0,1485266.0,1469624.0,1825173.0,0.0,25.9,1586.0,10.0,-1.0,53.0,16.0,12949913.0,0.0,448632.0,681179.91,539510.1,-1.0,,,,,,,,,,,,,,,1641906276036.035
203,0.0,1511930.0,1462295.9,3064104.0,0.0,12.3,1820.0,10.0,-1.0,15.0,7.0,12700502.0,0.0,702841.0,734205.47,558421.7,-1.0,,,,,,,,,,,,,,,1641906276036.035
204,0.0,1243059.0,1242279.15,248022.0,0.0,11.6,1907.0,10.0,-1.0,14.0,11.0,10064480.0,0.0,749569.0,218582.42000000004,31746.199999999917,-1.0,,,,,,,,,,,,,,,1641906276036.035
205,0.0,1484617.0,1480656.5,493040.0,0.0,10.0,470.0,11.0,-1.0,12.0,11.0,13787574.0,0.0,361934.0,166591.30000000002,145381.0,-1.0,,,,,,,,,,,,,,,1641906276036.035
206,0.0,1476262.0,1440191.5,1936631.0,0.0,11.272727272727273,1281.0,11.0,-1.0,15.0,9.0,12761400.0,0.0,38130.0,879456.7,877150.0,-1.0,,,,,,,,,,,,,,,1641906276036.035
207,0.0,1541707.0,1507535.0,3856117.0,0.0,12.0,1337.0,11.0,-1.0,14.0,10.0,14220221.0,0.0,763638.0,961696.9,928432.0,-1.0,,,,,,,,,,,,,,,1641906276036.035
208,0.0,1522522.0,1513314.0,3495151.0,0.0,14.181818181818182,1466.0,11.0,-1.0,18.0,9.0,13821521.0,0.0,243763.0,1009893.2000000001,797819.0,-1.0,,,,,,,,,,,,,,,1641906276036.035
209,0.0,1414790.0,1389366.8,1150509.0,0.0,10.833333333333334,412.0,12.0,-1.0,15.0,7.0,13668470.0,0.0,776174.0,413450.7200000001,322309.0,-1.0,,,,,,,,,,,,,,,1641906276036.035
210,0.0,1489639.0,1487442.3,1105651.0,0.0,10.333333333333334,524.0,12.0,-1.0,13.0,13.0,15801782.0,0.0,351414.0,356188.16000000003,319406.20000000007,-1.0,,,,,,,,,,,,,,,1641906276036.035
211,0.0,1286844.0,1280497.55,580522.0,0.0,11.5,1505.0,12.0,-1.0,15.0,16.0,12756569.0,0.0,775619.0,259469.78000000006,157911.0,-1.0,,,,,,,,,,,,,,,1641906276036.035
212,0.0,1562500.0,1562500.0,3938186.0,0.0,8.923076923076923,165.0,13.0,-1.0,11.0,4.0,17433706.0,0.0,744290.0,1094131.2399999998,880131.4000000001,-1.0,,,,,,,,,,,,,,,1641906276036.035
213,0.0,1469524.0,1468511.8,1979495.0,0.0,13.0,678.0,13.0,-1.0,15.0,9.0,14611694.0,0.0,615201.0,835983.5599999998,613833.6000000002,-1.0,,,,,,,,,,,,,,,1641906276036.035
214,0.0,1498839.0,1471344.65,869987.0,0.0,8.571428571428571,1351.0,14.0,-1.0,15.0,8.0,17564699.0,0.0,713465.0,406013.6899999998,230596.70000000013,-1.0,,,,,,,,,,,,,,,1641906276036.035
215,0.0,1562500.0,1506649.5999999999,2621623.0,0.0,11.0,801.0,17.0,-1.0,15.0,11.0,20733604.0,0.0,644933.0,695357.2,586166.8,-1.0,,,,,,,,,,,,,,,1641906276036.035
216,0.0,1562500.0,1504619.25,6254078.0,9136.0,14.277777777777779,625.0,18.0,-1.0,17.0,15.0,23532937.0,0.0,523129.0,1082975.5199999996,892869.4,-1.0,,,,,,,,,,,,,,,1641906276036.035
217,0.0,1562500.0,1485377.0,5152329.0,17389.0,11.73913043478261,879.0,23.0,-1.0,16.0,11.0,29759070.0,0.0,768919.0,841248.0000000001,484374.0,-1.0,,,,,,,,,,,,,,,1641906276036.035
218,0.0,1562500.0,1470929.4,3702362.0,0.0,13.04,232.0,25.0,-1.0,16.0,8.0,29908939.0,0.0,638593.0,668889.8399999997,522728.0000000001,-1.0,,,,,,,,,,,,,,,1641906276036.035
219,0.0,1562500.0,1548955.5,8194132.0,0.0,12.387096774193548,951.0,31.0,-1.0,19.0,8.0,40970854.0,0.0,670021.0,1163549.2999999998,767009.0,-1.0,,,,,,,,,,,,,,,1641906276036.035
220,,,,,,,,,,,,,,,,,,1446658896.0,0.0,104726966.0,12.215666327568668,1562500.0,1519339.5999999996,1365846.5,1562500.0,1529143.0499999993,1251337.5,1312746.215000023,901751.7499999986,160597.0,0.5,1641906276036.035
